%YAML:1.0
R: !!opencv-matrix
   rows: 3
   cols: 3
   dt: d
   data: [ 9.9992636403883661e-001, -1.0098894427076541e-003,
       -1.2093247015810150e-002, 9.4377419257442926e-004,
       9.9998458542780910e-001, -5.4715808544049524e-003,
       1.2098586295320787e-002, 5.4597646548517056e-003,
       9.9991190370930594e-001 ]
T: !!opencv-matrix
   rows: 3
   cols: 1
   dt: d
   data: [ -5.0666382811105644e+000, 1.5659770215152394e-001,
       1.8284937919438590e-001 ]
R1: !!opencv-matrix
   rows: 3
   cols: 3
   dt: d
   data: [ 9.9833424086345490e-001, -3.2077873746021231e-002,
       -4.7955745594491575e-002, 3.1942603648492419e-002,
       9.9948327676388049e-001, -3.5846257114856171e-003,
       4.8045952917437247e-002, 2.0468232142628402e-003,
       9.9884302917074275e-001 ]
R2: !!opencv-matrix
   rows: 3
   cols: 3
   dt: d
   data: [ 9.9887306334540826e-001, -3.0872783447778260e-002,
       -3.6048225547823401e-002, 3.0974233678993483e-002,
       9.9951763033113739e-001, 2.2590938950650934e-003,
       3.5961092460592266e-002, -3.3731142011799208e-003,
       9.9934749808543910e-001 ]
P1: !!opencv-matrix
   rows: 3
   cols: 4
   dt: d
   data: [ 1.2853277465470967e+003, 0., 3.6746901893615723e+002, 0., 0.,
       1.2853277465470967e+003, 2.6552363777160645e+002, 0., 0., 0., 1.,
       0. ]
P2: !!opencv-matrix
   rows: 3
   cols: 4
   dt: d
   data: [ 1.2853277465470967e+003, 0., 3.6746901893615723e+002,
       -6.5196379834473137e+003, 0., 1.2853277465470967e+003,
       2.6552363777160645e+002, 0., 0., 0., 1., 0. ]
Q: !!opencv-matrix
   rows: 4
   cols: 4
   dt: d
   data: [ 1., 0., 0., -3.6746901893615723e+002, 0., 1., 0.,
       -2.6552363777160645e+002, 0., 0., 0., 1.2853277465470967e+003, 0.,
       0., 1.9714710384386538e-001, 0. ]
