%YAML:1.0
M1: !!opencv-matrix
   rows: 3
   cols: 3
   dt: d
   data: [ 1.6056901481328664e+003, 0., 3.0409145427149548e+002, 0.,
       1.6056901481328664e+003, 2.5895701499501672e+002, 0., 0., 1. ]
D1: !!opencv-matrix
   rows: 1
   cols: 12
   dt: d
   data: [ -4.6909312154123212e-001, 2.1830562119215379e+001, 0., 0., 0.,
       0., 0., 4.4907799767427900e+002, 0., 0., 0., 0. ]
M2: !!opencv-matrix
   rows: 3
   cols: 3
   dt: d
   data: [ 1.6056901481328664e+003, 0., 3.1298344120004015e+002, 0.,
       1.6056901481328664e+003, 2.5889677779733012e+002, 0., 0., 1. ]
D2: !!opencv-matrix
   rows: 1
   cols: 12
   dt: d
   data: [ -7.1709010897590175e-001, 3.1946216369771008e+001, 0., 0., 0.,
       0., 0., 4.1957953451348016e+002, 0., 0., 0., 0. ]
